
51.402213 
59.316418 
161.673088 
167.112051 
174.077569 
200.327232 
212.174898 
215.460988 
217.493534 
226.203448 
311.653654 
311.806029 
315.428280 
362.428527 
397.190131 
410.995666 
421.093814 
425.203701 
435.320572 
507.662474 
531.799716 
570.384245 
587.712462 
632.771681 
677.805973 
716.308898 
757.849548 
773.953124 
776.811391 
776.999638 
825.590698 
911.157197 
979.999203 
1000.093996 
1099.156239 
1136.441815 
1158.170972 
1183.406180 
1237.729145 
1887.738114 






3 45 47
69 68 2
63 19 45
24 14 29
16 34 24
10 42 46
17 25 31
18 31 24
62 9 68
49 44 11
59 14 69
24 36 26
58 12 64
37 70 36
54 24 38
25 40 58
42 21 41
23 55 41
55 55 16
41 25 45
41 26 50
65 33 41
66 38 37
51 25 54
44 32 61
24 70 61
65 40 40
42 44 41
29 58 54
56 37 42
31 55 56
65 40 46
56 66 35
32 63 67
58 59 40
67 57 40
63 58 41
39 61 69
64 46 55
69 69 61
